1
0
11
19
100
100
157263584
0
0
-1
138
578
0
0
0
5
7
10
-1
0
-1
151
570
0
0
1
10
7
10
-65536
0
-1
164
562
0
0
2
15
7
10
0
0
-1
177
554
0
0
3
20
7
10
0
0
-1
190
546
0
0
4
25
7
10
-1
0
-1
203
538
0
0
5
30
7
10
-1
0
-1
216
530
0
0
6
35
7
10
0
0
-1
229
522
0
0
7
40
7
10
0
0
-1
242
514
0
0
8
45
7
10
-1
0
-1
255
506
0
0
9
50
7
10
-1
0
-1
268
498
0
0
10
55
7
10
0
0
-1
281
490
0
0
11
60
7
10
0
0
-1
294
482
0
0
12
65
7
10
-1
0
-1
307
474
0
0
13
70
7
10
-1
0
-1
320
466
0
0
14
75
7
10
0
0
-1
333
458
0
0
15
80
7
10
0
0
-1
346
450
0
0
16
85
7
10
-1
0
-1
359
442
0
0
17
90
7
10
-1
0
-1
372
434
0
0
18
95
7
10
0
0
-1
385
426
0
0
19
100
7
10
0
0
-1
398
418
0
0
20
105
7
10
-1
0
-1
411
410
0
0
21
110
7
10
-1
0
-1
424
402
0
0
22
115
7
10
-1
0
-1
437
394
0
0
23
120
7
10
-1
0
-1
450
386
0
0
24
125
7
10
-1
0
-1
463
378
0
0
25
130
7
10
-1
0
-1
476
370
0
0
26
135
7
10
-1
0
-1
489
362
0
0
27
140
7
10
-1
0
-1
502
354
0
0
28
145
7
10
-1
0
-1
515
346
0
0
29
150
7
10
-1
0
-1
528
338
0
0
30
155
7
10
0
0
-1
541
330
0
0
31
160
7
10
65535
0
-1
554
322
0
0
32
165
7
10
-1
0
-1
567
314
0
0
33
170
7
10
0
0
-1
580
306
0
0
34
175
7
10
0
0
-1
593
298
0
0
35
180
7
10
65535
0
-1
606
290
0
0
36
185
7
10
-1
0
-1
619
282
0
0
37
190
7
10
-1
0
-1
632
274
0
0
38
195
7
10
0
0
-1
645
266
0
0
39
200
7
10
16777215
0
-1
658
258
0
0
40
205
7
10
-1
0
-1
671
250
0
0
41
210
7
10
-16777216
0
-1
684
242
0
0
42
215
7
10
0
0
-1
697
234
0
0
43
220
7
10
16777215
0
-1
710
226
0
0
44
225
7
10
-1
0
-1
149
585
0
1
0
5
14
10
-1
0
-1
162
577
0
1
1
10
14
10
-16777216
0
-1
175
569
0
1
2
15
14
10
16777215
0
-1
188
561
0
1
3
20
14
10
-1
0
-1
201
553
0
1
4
25
14
10
0
0
-1
214
545
0
1
5
30
14
10
0
0
-1
227
537
0
1
6
35
14
10
-1
0
-1
240
529
0
1
7
40
14
10
0
0
-1
253
521
0
1
8
45
14
10
-16777216
0
-1
266
513
0
1
9
50
14
10
0
0
-1
279
505
0
1
10
55
14
10
-1
0
-1
292
497
0
1
11
60
14
10
-65536
0
-1
305
489
0
1
12
65
14
10
-16777216
0
-1
318
481
0
1
13
70
14
10
0
0
-1
331
473
0
1
14
75
14
10
-1
0
-1
344
465
0
1
15
80
14
10
-1
0
-1
357
457
0
1
16
85
14
10
0
0
-1
370
449
0
1
17
90
14
10
0
0
-1
383
441
0
1
18
95
14
10
-1
0
-1
396
433
0
1
19
100
14
10
-1
0
-1
409
425
0
1
20
105
14
10
0
0
-1
422
417
0
1
21
110
14
10
0
0
-1
435
409
0
1
22
115
14
10
-1
0
-1
448
401
0
1
23
120
14
10
-1
0
-1
461
393
0
1
24
125
14
10
0
0
-1
474
385
0
1
25
130
14
10
0
0
-1
487
377
0
1
26
135
14
10
-1
0
-1
500
369
0
1
27
140
14
10
-1
0
-1
513
361
0
1
28
145
14
10
-1
0
-1
526
353
0
1
29
150
14
10
0
0
-1
539
345
0
1
30
155
14
10
-1
0
-1
552
337
0
1
31
160
14
10
0
0
-1
565
329
0
1
32
165
14
10
-16777216
0
-1
578
321
0
1
33
170
14
10
0
0
-1
591
313
0
1
34
175
14
10
-1
0
-1
604
305
0
1
35
180
14
10
-1
0
-1
617
297
0
1
36
185
14
10
0
0
-1
630
289
0
1
37
190
14
10
0
0
-1
643
281
0
1
38
195
14
10
-1
0
-1
656
273
0
1
39
200
14
10
-1
0
-1
669
265
0
1
40
205
14
10
16843009
0
-1
682
257
0
1
41
210
14
10
0
0
-1
695
249
0
1
42
215
14
10
-1
0
-1
708
241
0
1
43
220
14
10
-65535
0
-1
721
233
0
1
44
225
14
10
16777216
0
-1
160
592
0
2
0
5
21
10
0
0
-1
173
584
0
2
1
10
21
10
-1
0
-1
186
576
0
2
2
15
21
10
-1
0
-1
199
568
0
2
3
20
21
10
0
0
-1
212
560
0
2
4
25
21
10
255
0
-1
225
552
0
2
5
30
21
10
-1
0
-1
238
544
0
2
6
35
21
10
-256
0
-1
251
536
0
2
7
40
21
10
0
0
-1
264
528
0
2
8
45
21
10
16777471
0
-1
277
520
0
2
9
50
21
10
-1
0
-1
290
512
0
2
10
55
21
10
-1
0
-1
303
504
0
2
11
60
21
10
-256
0
-1
316
496
0
2
12
65
21
10
255
0
-1
329
488
0
2
13
70
21
10
-1
0
-1
342
480
0
2
14
75
21
10
-16777216
0
-1
355
472
0
2
15
80
21
10
257
0
-1
368
464
0
2
16
85
21
10
65535
0
-1
381
456
0
2
17
90
21
10
257
0
-1
394
448
0
2
18
95
21
10
-256
0
-1
407
440
0
2
19
100
21
10
-16777216
0
-1
420
432
0
2
20
105
21
10
65535
0
-1
433
424
0
2
21
110
21
10
-1
0
-1
446
416
0
2
22
115
21
10
-256
0
-1
459
408
0
2
23
120
21
10
0
0
-1
472
400
0
2
24
125
21
10
16777215
0
-1
485
392
0
2
25
130
21
10
-1
0
-1
498
384
0
2
26
135
21
10
257
0
-1
511
376
0
2
27
140
21
10
0
0
-1
524
368
0
2
28
145
21
10
16777215
0
-1
537
360
0
2
29
150
21
10
-1
0
-1
550
352
0
2
30
155
21
10
16842752
0
-1
563
344
0
2
31
160
21
10
1
0
-1
576
336
0
2
32
165
21
10
-1
0
-1
589
328
0
2
33
170
21
10
-1
0
-1
602
320
0
2
34
175
21
10
16777216
0
-1
615
312
0
2
35
180
21
10
1
0
-1
628
304
0
2
36
185
21
10
-1
0
-1
641
296
0
2
37
190
21
10
-1
0
-1
654
288
0
2
38
195
21
10
-1
0
-1
667
280
0
2
39
200
21
10
0
0
-1
680
272
0
2
40
205
21
10
-1
0
-1
693
264
0
2
41
210
21
10
-65536
0
-1
706
256
0
2
42
215
21
10
-256
0
-1
719
248
0
2
43
220
21
10
257
0
-1
732
240
0
2
44
225
21
10
-1
0
-1
171
599
0
3
0
5
28
10
-1
0
-1
184
591
0
3
1
10
28
10
0
0
-1
197
583
0
3
2
15
28
10
1
0
-1
210
575
0
3
3
20
28
10
-1
0
-1
223
567
0
3
4
25
28
10
-1
0
-1
236
559
0
3
5
30
28
10
0
0
-1
249
551
0
3
6
35
28
10
16843008
0
-1
262
543
0
3
7
40
28
10
-1
0
-1
275
535
0
3
8
45
28
10
-1
0
-1
288
527
0
3
9
50
28
10
0
0
-1
301
519
0
3
10
55
28
10
0
0
-1
314
511
0
3
11
60
28
10
-1
0
-1
327
503
0
3
12
65
28
10
-1
0
-1
340
495
0
3
13
70
28
10
0
0
-1
353
487
0
3
14
75
28
10
257
0
-1
366
479
0
3
15
80
28
10
-1
0
-1
379
471
0
3
16
85
28
10
-1
0
-1
392
463
0
3
17
90
28
10
16842752
0
-1
405
455
0
3
18
95
28
10
0
0
-1
418
447
0
3
19
100
28
10
-1
0
-1
431
439
0
3
20
105
28
10
-1
0
-1
444
431
0
3
21
110
28
10
-1
0
-1
457
423
0
3
22
115
28
10
0
0
-1
470
415
0
3
23
120
28
10
-1
0
-1
483
407
0
3
24
125
28
10
-256
0
-1
496
399
0
3
25
130
28
10
0
0
-1
509
391
0
3
26
135
28
10
0
0
-1
522
383
0
3
27
140
28
10
-65536
0
-1
535
375
0
3
28
145
28
10
-1
0
-1
548
367
0
3
29
150
28
10
-256
0
-1
561
359
0
3
30
155
28
10
0
0
-1
574
351
0
3
31
160
28
10
-1
0
-1
587
343
0
3
32
165
28
10
-1
0
-1
600
335
0
3
33
170
28
10
1
0
-1
613
327
0
3
34
175
28
10
255
0
-1
626
319
0
3
35
180
28
10
-1
0
-1
639
311
0
3
36
185
28
10
65792
0
-1
652
303
0
3
37
190
28
10
1
0
-1
665
295
0
3
38
195
28
10
255
0
-1
678
287
0
3
39
200
28
10
-1
0
-1
691
279
0
3
40
205
28
10
0
0
-1
704
271
0
3
41
210
28
10
257
0
-1
717
263
0
3
42
215
28
10
65535
0
-1
730
255
0
3
43
220
28
10
-1
0
-1
743
247
0
3
44
225
28
10
257
0
-1
182
606
0
4
0
5
35
10
16842752
0
-1
195
598
0
4
1
10
35
10
65535
0
-1
208
590
0
4
2
15
35
10
-1
0
-1
221
582
0
4
3
20
35
10
-1
0
-1
234
574
0
4
4
25
35
10
0
0
-1
247
566
0
4
5
30
35
10
16777215
0
-1
260
558
0
4
6
35
35
10
-1
0
-1
273
550
0
4
7
40
35
10
-1
0
-1
286
542
0
4
8
45
35
10
1
0
-1
299
534
0
4
9
50
35
10
16777215
0
-1
312
526
0
4
10
55
35
10
-1
0
-1
325
518
0
4
11
60
35
10
-16777216
0
-1
338
510
0
4
12
65
35
10
1
0
-1
351
502
0
4
13
70
35
10
16777215
0
-1
364
494
0
4
14
75
35
10
-1
0
-1
377
486
0
4
15
80
35
10
0
0
-1
390
478
0
4
16
85
35
10
0
0
-1
403
470
0
4
17
90
35
10
-1
0
-1
416
462
0
4
18
95
35
10
-1
0
-1
429
454
0
4
19
100
35
10
1
0
-1
442
446
0
4
20
105
35
10
257
0
-1
455
438
0
4
21
110
35
10
-1
0
-1
468
430
0
4
22
115
35
10
-1
0
-1
481
422
0
4
23
120
35
10
-65536
0
-1
494
414
0
4
24
125
35
10
1
0
-1
507
406
0
4
25
130
35
10
-1
0
-1
520
398
0
4
26
135
35
10
-1
0
-1
533
390
0
4
27
140
35
10
0
0
-1
546
382
0
4
28
145
35
10
257
0
-1
559
374
0
4
29
150
35
10
-1
0
-1
572
366
0
4
30
155
35
10
-1
0
-1
585
358
0
4
31
160
35
10
-1
0
-1
598
350
0
4
32
165
35
10
0
0
-1
611
342
0
4
33
170
35
10
-1
0
-1
624
334
0
4
34
175
35
10
-1
0
-1
637
326
0
4
35
180
35
10
0
0
-1
650
318
0
4
36
185
35
10
0
0
-1
663
310
0
4
37
190
35
10
-1
0
-1
676
302
0
4
38
195
35
10
-1
0
-1
689
294
0
4
39
200
35
10
-1
0
-1
702
286
0
4
40
205
35
10
16777216
0
-1
715
278
0
4
41
210
35
10
-1
0
-1
728
270
0
4
42
215
35
10
-1
0
-1
741
262
0
4
43
220
35
10
0
0
-1
754
254
0
4
44
225
35
10
0
0
-1
193
613
0
5
0
5
42
10
-1
0
-1
206
605
0
5
1
10
42
10
16842752
0
-1
219
597
0
5
2
15
42
10
0
0
-1
232
589
0
5
3
20
42
10
16777216
0
-1
245
581
0
5
4
25
42
10
-1
0
-1
258
573
0
5
5
30
42
10
0
0
-1
271
565
0
5
6
35
42
10
0
0
-1
284
557
0
5
7
40
42
10
16777216
0
-1
297
549
0
5
8
45
42
10
-1
0
-1
310
541
0
5
9
50
42
10
-16777216
0
-1
323
533
0
5
10
55
42
10
0
0
-1
336
525
0
5
11
60
42
10
0
0
-1
349
517
0
5
12
65
42
10
-1
0
-1
362
509
0
5
13
70
42
10
-1
0
-1
375
501
0
5
14
75
42
10
0
0
-1
388
493
0
5
15
80
42
10
255
0
-1
401
485
0
5
16
85
42
10
-1
0
-1
414
477
0
5
17
90
42
10
-1
0
-1
427
469
0
5
18
95
42
10
0
0
-1
440
461
0
5
19
100
42
10
255
0
-1
453
453
0
5
20
105
42
10
-1
0
-1
466
445
0
5
21
110
42
10
-256
0
-1
479
437
0
5
22
115
42
10
-16776959
0
-1
492
429
0
5
23
120
42
10
255
0
-1
505
421
0
5
24
125
42
10
-1
0
-1
518
413
0
5
25
130
42
10
0
0
-1
531
405
0
5
26
135
42
10
0
0
-1
544
397
0
5
27
140
42
10
65535
0
-1
557
389
0
5
28
145
42
10
-1
0
-1
570
381
0
5
29
150
42
10
-16777216
0
-1
583
373
0
5
30
155
42
10
0
0
-1
596
365
0
5
31
160
42
10
65535
0
-1
609
357
0
5
32
165
42
10
-1
0
-1
622
349
0
5
33
170
42
10
-1
0
-1
635
341
0
5
34
175
42
10
0
0
-1
648
333
0
5
35
180
42
10
16777215
0
-1
661
325
0
5
36
185
42
10
-1
0
-1
674
317
0
5
37
190
42
10
0
0
-1
687
309
0
5
38
195
42
10
0
0
-1
700
301
0
5
39
200
42
10
16777215
0
-1
713
293
0
5
40
205
42
10
-1
0
-1
726
285
0
5
41
210
42
10
-1
0
-1
739
277
0
5
42
215
42
10
0
0
-1
752
269
0
5
43
220
42
10
-1
0
-1
765
261
0
5
44
225
42
10
-1
0
-1
204
620
0
6
0
5
49
10
0
0
-1
217
612
0
6
1
10
49
10
0
0
-1
230
604
0
6
2
15
49
10
-1
0
-1
243
596
0
6
3
20
49
10
-1
0
-1
256
588
0
6
4
25
49
10
-1
0
-1
269
580
0
6
5
30
49
10
0
0
-1
282
572
0
6
6
35
49
10
-1
0
-1
295
564
0
6
7
40
49
10
-1
0
-1
308
556
0
6
8
45
49
10
0
0
-1
321
548
0
6
9
50
49
10
0
0
-1
334
540
0
6
10
55
49
10
-1
0
-1
347
532
0
6
11
60
49
10
0
0
-1
360
524
0
6
12
65
49
10
0
0
-1
373
516
0
6
13
70
49
10
0
0
-1
386
508
0
6
14
75
49
10
-1
0
-1
399
500
0
6
15
80
49
10
-16777216
0
-1
412
492
0
6
16
85
49
10
0
0
-1
425
484
0
6
17
90
49
10
0
0
-1
438
476
0
6
18
95
49
10
-1
0
-1
451
468
0
6
19
100
49
10
-256
0
-1
464
460
0
6
20
105
49
10
0
0
-1
477
452
0
6
21
110
49
10
0
0
-1
490
444
0
6
22
115
49
10
-1
0
-1
503
436
0
6
23
120
49
10
-1
0
-1
516
428
0
6
24
125
49
10
0
0
-1
529
420
0
6
25
130
49
10
0
0
-1
542
412
0
6
26
135
49
10
-1
0
-1
555
404
0
6
27
140
49
10
-1
0
-1
568
396
0
6
28
145
49
10
0
0
-1
581
388
0
6
29
150
49
10
0
0
-1
594
380
0
6
30
155
49
10
-1
0
-1
607
372
0
6
31
160
49
10
-1
0
-1
620
364
0
6
32
165
49
10
-256
0
-1
633
356
0
6
33
170
49
10
0
0
-1
646
348
0
6
34
175
49
10
-1
0
-1
659
340
0
6
35
180
49
10
0
0
-1
672
332
0
6
36
185
49
10
0
0
-1
685
324
0
6
37
190
49
10
0
0
-1
698
316
0
6
38
195
49
10
-1
0
-1
711
308
0
6
39
200
49
10
-256
0
-1
724
300
0
6
40
205
49
10
0
0
-1
737
292
0
6
41
210
49
10
0
0
-1
750
284
0
6
42
215
49
10
-1
0
-1
763
276
0
6
43
220
49
10
-1
0
-1
776
268
0
6
44
225
49
10
-1
0
-1
215
627
0
7
0
5
56
10
-1
0
-1
228
619
0
7
1
10
56
10
-1
0
-1
241
611
0
7
2
15
56
10
-1
0
-1
254
603
0
7
3
20
56
10
-1
0
-1
267
595
0
7
4
25
56
10
-1
0
-1
280
587
0
7
5
30
56
10
-1
0
-1
293
579
0
7
6
35
56
10
-1
0
-1
306
571
0
7
7
40
56
10
-1
0
-1
319
563
0
7
8
45
56
10
65535
0
-1
332
555
0
7
9
50
56
10
-1
0
-1
345
547
0
7
10
55
56
10
-1
0
-1
358
539
0
7
11
60
56
10
0
0
-1
371
531
0
7
12
65
56
10
65535
0
-1
384
523
0
7
13
70
56
10
-1
0
-1
397
515
0
7
14
75
56
10
-1
0
-1
410
507
0
7
15
80
56
10
0
0
-1
423
499
0
7
16
85
56
10
65535
0
-1
436
491
0
7
17
90
56
10
-1
0
-1
449
483
0
7
18
95
56
10
-65536
0
-1
462
475
0
7
19
100
56
10
0
0
-1
475
467
0
7
20
105
56
10
16777215
0
-1
488
459
0
7
21
110
56
10
-1
0
-1
501
451
0
7
22
115
56
10
-1
0
-1
514
443
0
7
23
120
56
10
0
0
-1
527
435
0
7
24
125
56
10
16777215
0
-1
540
427
0
7
25
130
56
10
-1
0
-1
553
419
0
7
26
135
56
10
-1
0
-1
566
411
0
7
27
140
56
10
0
0
-1
579
403
0
7
28
145
56
10
-1
0
-1
592
395
0
7
29
150
56
10
-1
0
-1
605
387
0
7
30
155
56
10
-1
0
-1
618
379
0
7
31
160
56
10
-65536
0
-1
631
371
0
7
32
165
56
10
-1
0
-1
644
363
0
7
33
170
56
10
-1
0
-1
657
355
0
7
34
175
56
10
-65536
0
-1
670
347
0
7
35
180
56
10
0
0
-1
683
339
0
7
36
185
56
10
-1
0
-1
696
331
0
7
37
190
56
10
-1
0
-1
709
323
0
7
38
195
56
10
-256
0
-1
722
315
0
7
39
200
56
10
0
0
-1
735
307
0
7
40
205
56
10
-1
0
-1
748
299
0
7
41
210
56
10
-1
0
-1
761
291
0
7
42
215
56
10
-1
0
-1
774
283
0
7
43
220
56
10
0
0
-1
787
275
0
7
44
225
56
10
-1
0
-1
226
634
0
8
0
5
63
10
-1
0
-1
239
626
0
8
1
10
63
10
-256
0
-1
252
618
0
8
2
15
63
10
0
0
-1
265
610
0
8
3
20
63
10
-1
0
-1
278
602
0
8
4
25
63
10
-1
0
-1
291
594
0
8
5
30
63
10
-1
0
-1
304
586
0
8
6
35
63
10
-16776959
0
-1
317
578
0
8
7
40
63
10
-1
0
-1
330
570
0
8
8
45
63
10
-1
0
-1
343
562
0
8
9
50
63
10
-65536
0
-1
356
554
0
8
10
55
63
10
0
0
-1
369
546
0
8
11
60
63
10
-1
0
-1
382
538
0
8
12
65
63
10
-1
0
-1
395
530
0
8
13
70
63
10
0
0
-1
408
522
0
8
14
75
63
10
0
0
-1
421
514
0
8
15
80
63
10
-1
0
-1
434
506
0
8
16
85
63
10
-16777216
0
-1
447
498
0
8
17
90
63
10
0
0
-1
460
490
0
8
18
95
63
10
0
0
-1
473
482
0
8
19
100
63
10
-1
0
-1
486
474
0
8
20
105
63
10
-1
0
-1
499
466
0
8
21
110
63
10
0
0
-1
512
458
0
8
22
115
63
10
16777216
0
-1
525
450
0
8
23
120
63
10
-1
0
-1
538
442
0
8
24
125
63
10
-1
0
-1
551
434
0
8
25
130
63
10
0
0
-1
564
426
0
8
26
135
63
10
0
0
-1
577
418
0
8
27
140
63
10
-1
0
-1
590
410
0
8
28
145
63
10
-1
0
-1
603
402
0
8
29
150
63
10
16842752
0
-1
616
394
0
8
30
155
63
10
255
0
-1
629
386
0
8
31
160
63
10
-1
0
-1
642
378
0
8
32
165
63
10
-1
0
-1
655
370
0
8
33
170
63
10
0
0
-1
668
362
0
8
34
175
63
10
255
0
-1
681
354
0
8
35
180
63
10
-1
0
-1
694
346
0
8
36
185
63
10
-1
0
-1
707
338
0
8
37
190
63
10
0
0
-1
720
330
0
8
38
195
63
10
65535
0
-1
733
322
0
8
39
200
63
10
-1
0
-1
746
314
0
8
40
205
63
10
-1
0
-1
759
306
0
8
41
210
63
10
-1
0
-1
772
298
0
8
42
215
63
10
65535
0
-1
785
290
0
8
43
220
63
10
-1
0
-1
798
282
0
8
44
225
63
10
-1
0
-1
237
641
0
9
0
5
70
10
16842752
0
-1
250
633
0
9
1
10
70
10
16777215
0
-1
263
625
0
9
2
15
70
10
-1
0
-1
276
617
0
9
3
20
70
10
-1
0
-1
289
609
0
9
4
25
70
10
0
0
-1
302
601
0
9
5
30
70
10
16777215
0
-1
315
593
0
9
6
35
70
10
-1
0
-1
328
585
0
9
7
40
70
10
-1
0
-1
341
577
0
9
8
45
70
10
0
0
-1
354
569
0
9
9
50
70
10
-1
0
-1
367
561
0
9
10
55
70
10
-1
0
-1
380
553
0
9
11
60
70
10
-1
0
-1
393
545
0
9
12
65
70
10
0
0
-1
406
537
0
9
13
70
70
10
-1
0
-1
419
529
0
9
14
75
70
10
-1
0
-1
432
521
0
9
15
80
70
10
-1
0
-1
445
513
0
9
16
85
70
10
-256
0
-1
458
505
0
9
17
90
70
10
-1
0
-1
471
497
0
9
18
95
70
10
-1
0
-1
484
489
0
9
19
100
70
10
-1
0
-1
497
481
0
9
20
105
70
10
0
0
-1
510
473
0
9
21
110
70
10
-1
0
-1
523
465
0
9
22
115
70
10
-1
0
-1
536
457
0
9
23
120
70
10
-65536
0
-1
549
449
0
9
24
125
70
10
0
0
-1
562
441
0
9
25
130
70
10
-1
0
-1
575
433
0
9
26
135
70
10
-256
0
-1
588
425
0
9
27
140
70
10
0
0
-1
601
417
0
9
28
145
70
10
257
0
-1
614
409
0
9
29
150
70
10
-1
0
-1
627
401
0
9
30
155
70
10
-1
0
-1
640
393
0
9
31
160
70
10
-16777216
0
-1
653
385
0
9
32
165
70
10
65792
0
-1
666
377
0
9
33
170
70
10
-1
0
-1
679
369
0
9
34
175
70
10
-1
0
-1
692
361
0
9
35
180
70
10
16777216
0
-1
705
353
0
9
36
185
70
10
16777216
0
-1
718
345
0
9
37
190
70
10
-1
0
-1
731
337
0
9
38
195
70
10
-1
0
-1
744
329
0
9
39
200
70
10
257
0
-1
757
321
0
9
40
205
70
10
16843008
0
-1
770
313
0
9
41
210
70
10
-1
0
-1
783
305
0
9
42
215
70
10
-1
0
-1
796
297
0
9
43
220
70
10
257
0
-1
809
289
0
9
44
225
70
10
16843008
0
-1
248
648
0
10
0
5
77
10
-1
0
-1
261
640
0
10
1
10
77
10
-1
0
-1
274
632
0
10
2
15
77
10
16777216
0
-1
287
624
0
10
3
20
77
10
16777216
0
-1
300
616
0
10
4
25
77
10
-1
0
-1
313
608
0
10
5
30
77
10
-1
0
-1
326
600
0
10
6
35
77
10
-1
0
-1
339
592
0
10
7
40
77
10
16777216
0
-1
352
584
0
10
8
45
77
10
-1
0
-1
365
576
0
10
9
50
77
10
-1
0
-1
378
568
0
10
10
55
77
10
0
0
-1
391
560
0
10
11
60
77
10
255
0
-1
404
552
0
10
12
65
77
10
-1
0
-1
417
544
0
10
13
70
77
10
-1
0
-1
430
536
0
10
14
75
77
10
16842752
0
-1
443
528
0
10
15
80
77
10
16777471
0
-1
456
520
0
10
16
85
77
10
-1
0
-1
469
512
0
10
17
90
77
10
-1
5
0
482
504
0
10
18
95
77
10
0
5
0
495
496
0
10
19
100
77
10
65535
5
0
508
488
0
10
20
105
77
10
-1
0
-1
521
480
0
10
21
110
77
10
-1
14
-1
534
472
0
10
22
115
77
10
0
14
-1
547
464
0
10
23
120
77
10
16842751
14
-1
560
456
0
10
24
125
77
10
-1
0
-1
573
448
0
10
25
130
77
10
-1
0
-1
586
440
0
10
26
135
77
10
-1
0
-1
599
432
0
10
27
140
77
10
65535
0
-1
612
424
0
10
28
145
77
10
-1
0
-1
625
416
0
10
29
150
77
10
-1
0
-1
638
408
0
10
30
155
77
10
0
0
-1
651
400
0
10
31
160
77
10
16777215
0
-1
664
392
0
10
32
165
77
10
-1
0
-1
677
384
0
10
33
170
77
10
-1
0
-1
690
376
0
10
34
175
77
10
-65536
0
-1
703
368
0
10
35
180
77
10
16777215
0
-1
716
360
0
10
36
185
77
10
-1
0
-1
729
352
0
10
37
190
77
10
-65535
0
-1
742
344
0
10
38
195
77
10
0
0
-1
755
336
0
10
39
200
77
10
-1
0
-1
768
328
0
10
40
205
77
10
-1
0
-1
781
320
0
10
41
210
77
10
-256
0
-1
794
312
0
10
42
215
77
10
1
0
-1
807
304
0
10
43
220
77
10
-1
0
-1
820
296
0
10
44
225
77
10
-1
0
-1
259
655
0
11
0
5
84
10
0
0
-1
272
647
0
11
1
10
84
10
0
0
-1
285
639
0
11
2
15
84
10
-1
0
-1
298
631
0
11
3
20
84
10
-1
0
-1
311
623
0
11
4
25
84
10
-65536
0
-1
324
615
0
11
5
30
84
10
257
0
-1
337
607
0
11
6
35
84
10
-1
0
-1
350
599
0
11
7
40
84
10
-1
0
-1
363
591
0
11
8
45
84
10
-16777216
0
-1
376
583
0
11
9
50
84
10
1
0
-1
389
575
0
11
10
55
84
10
-1
0
-1
402
567
0
11
11
60
84
10
-1
0
-1
415
559
0
11
12
65
84
10
257
0
-1
428
551
0
11
13
70
84
10
257
0
-1
441
543
0
11
14
75
84
10
-1
0
-1
454
535
0
11
15
80
84
10
-1
0
-1
467
527
0
11
16
85
84
10
-1
0
-1
480
519
0
11
17
90
84
10
65792
5
0
493
511
0
11
18
95
84
10
-1
5
0
506
503
0
11
19
100
84
10
-1
5
0
519
495
0
11
20
105
84
10
-65536
0
-1
532
487
0
11
21
110
84
10
16842752
14
-1
545
479
0
11
22
115
84
10
-1
16
-1
558
471
0
11
23
120
84
10
-1
14
-1
571
463
0
11
24
125
84
10
-16776959
0
-1
584
455
0
11
25
130
84
10
65792
0
-1
597
447
0
11
26
135
84
10
-1
0
-1
610
439
0
11
27
140
84
10
-1
0
-1
623
431
0
11
28
145
84
10
65792
0
-1
636
423
0
11
29
150
84
10
0
0
-1
649
415
0
11
30
155
84
10
-1
0
-1
662
407
0
11
31
160
84
10
-1
0
-1
675
399
0
11
32
165
84
10
65793
0
-1
688
391
0
11
33
170
84
10
0
0
-1
701
383
0
11
34
175
84
10
-1
0
-1
714
375
0
11
35
180
84
10
-1
0
-1
727
367
0
11
36
185
84
10
-1
0
-1
740
359
0
11
37
190
84
10
16777216
0
-1
753
351
0
11
38
195
84
10
-1
0
-1
766
343
0
11
39
200
84
10
-1
0
-1
779
335
0
11
40
205
84
10
0
0
-1
792
327
0
11
41
210
84
10
255
0
-1
805
319
0
11
42
215
84
10
-1
0
-1
818
311
0
11
43
220
84
10
-1
0
-1
831
303
0
11
44
225
84
10
-1
0
-1
270
662
0
12
0
5
91
10
255
0
-1
283
654
0
12
1
10
91
10
-1
0
-1
296
646
0
12
2
15
91
10
-1
0
-1
309
638
0
12
3
20
91
10
16842752
0
-1
322
630
0
12
4
25
91
10
65535
0
-1
335
622
0
12
5
30
91
10
-1
0
-1
348
614
0
12
6
35
91
10
-1
0
-1
361
606
0
12
7
40
91
10
0
0
-1
374
598
0
12
8
45
91
10
65535
0
-1
387
590
0
12
9
50
91
10
-1
0
-1
400
582
0
12
10
55
91
10
0
0
-1
413
574
0
12
11
60
91
10
0
0
-1
426
566
0
12
12
65
91
10
16777215
0
-1
439
558
0
12
13
70
91
10
-1
0
-1
452
550
0
12
14
75
91
10
-1
0
-1
465
542
0
12
15
80
91
10
0
0
-1
478
534
0
12
16
85
91
10
16777215
0
-1
491
526
0
12
17
90
91
10
-1
5
0
504
518
0
12
18
95
91
10
-256
5
0
517
510
0
12
19
100
91
10
0
5
0
530
502
0
12
20
105
91
10
16777215
0
-1
543
494
0
12
21
110
91
10
-1
14
-1
556
486
0
12
22
115
91
10
-16777216
14
-1
569
478
0
12
23
120
91
10
0
14
-1
582
470
0
12
24
125
91
10
-1
0
-1
595
462
0
12
25
130
91
10
-1
0
-1
608
454
0
12
26
135
91
10
-1
0
-1
621
446
0
12
27
140
91
10
0
0
-1
634
438
0
12
28
145
91
10
-1
0
-1
647
430
0
12
29
150
91
10
-1
0
-1
660
422
0
12
30
155
91
10
-1
0
-1
673
414
0
12
31
160
91
10
0
0
-1
686
406
0
12
32
165
91
10
-1
0
-1
699
398
0
12
33
170
91
10
-1
0
-1
712
390
0
12
34
175
91
10
-256
0
-1
725
382
0
12
35
180
91
10
-16777216
0
-1
738
374
0
12
36
185
91
10
-1
0
-1
751
366
0
12
37
190
91
10
-1
0
-1
764
358
0
12
38
195
91
10
-16777216
0
-1
777
350
0
12
39
200
91
10
0
0
-1
790
342
0
12
40
205
91
10
-1
0
-1
803
334
0
12
41
210
91
10
-1
0
-1
816
326
0
12
42
215
91
10
-65536
0
-1
829
318
0
12
43
220
91
10
257
0
-1
842
310
0
12
44
225
91
10
-1
0
-1
281
669
0
13
0
5
98
10
-1
0
-1
294
661
0
13
1
10
98
10
-1
0
-1
307
653
0
13
2
15
98
10
0
0
-1
320
645
0
13
3
20
98
10
-1
0
-1
333
637
0
13
4
25
98
10
-1
0
-1
346
629
0
13
5
30
98
10
-65536
0
-1
359
621
0
13
6
35
98
10
0
0
-1
372
613
0
13
7
40
98
10
-1
0
-1
385
605
0
13
8
45
98
10
-1
0
-1
398
597
0
13
9
50
98
10
-1
0
-1
411
589
0
13
10
55
98
10
0
0
-1
424
581
0
13
11
60
98
10
-1
0
-1
437
573
0
13
12
65
98
10
-1
0
-1
450
565
0
13
13
70
98
10
-16777216
0
-1
463
557
0
13
14
75
98
10
0
0
-1
476
549
0
13
15
80
98
10
-1
0
-1
489
541
0
13
16
85
98
10
-1
0
-1
502
533
0
13
17
90
98
10
0
13
-1
515
525
0
13
18
95
98
10
1
13
-1
528
517
0
13
19
100
98
10
1
13
-1
541
509
0
13
20
105
98
10
1
0
-1
554
501
0
13
21
110
98
10
0
13
-1
567
493
0
13
22
115
98
10
1
13
-1
580
485
0
13
23
120
98
10
1
13
-1
593
477
0
13
24
125
98
10
1
0
-1
606
469
0
13
25
130
98
10
-1
0
-1
619
461
0
13
26
135
98
10
-1
0
-1
632
453
0
13
27
140
98
10
-1
0
-1
645
445
0
13
28
145
98
10
-1
0
-1
658
437
0
13
29
150
98
10
-1
0
-1
671
429
0
13
30
155
98
10
-1
0
-1
684
421
0
13
31
160
98
10
-1
0
-1
697
413
0
13
32
165
98
10
-1
0
-1
710
405
0
13
33
170
98
10
0
0
-1
723
397
0
13
34
175
98
10
65535
0
-1
736
389
0
13
35
180
98
10
-1
0
-1
749
381
0
13
36
185
98
10
-1
0
-1
762
373
0
13
37
190
98
10
0
0
-1
775
365
0
13
38
195
98
10
65535
0
-1
788
357
0
13
39
200
98
10
-1
0
-1
801
349
0
13
40
205
98
10
-1
0
-1
814
341
0
13
41
210
98
10
0
0
-1
827
333
0
13
42
215
98
10
16777215
0
-1
840
325
0
13
43
220
98
10
-1
0
-1
853
317
0
13
44
225
98
10
0
0
-1
292
676
0
14
0
5
105
10
0
0
-1
305
668
0
14
1
10
105
10
16777215
0
-1
318
660
0
14
2
15
105
10
-1
0
-1
331
652
0
14
3
20
105
10
0
0
-1
344
644
0
14
4
25
105
10
0
0
-1
357
636
0
14
5
30
105
10
-1
0
-1
370
628
0
14
6
35
105
10
-1
0
-1
383
620
0
14
7
40
105
10
-1
0
-1
396
612
0
14
8
45
105
10
0
0
-1
409
604
0
14
9
50
105
10
-1
0
-1
422
596
0
14
10
55
105
10
-1
0
-1
435
588
0
14
11
60
105
10
-1
0
-1
448
580
0
14
12
65
105
10
0
0
-1
461
572
0
14
13
70
105
10
-1
0
-1
474
564
0
14
14
75
105
10
-1
0
-1
487
556
0
14
15
80
105
10
-1
0
-1
500
548
0
14
16
85
105
10
0
0
-1
513
540
0
14
17
90
105
10
-1
14
-1
526
532
0
14
18
95
105
10
-1
14
-1
539
524
0
14
19
100
105
10
-256
14
-1
552
516
0
14
20
105
105
10
-65535
0
-1
565
508
0
14
21
110
105
10
-1
14
-1
578
500
0
14
22
115
105
10
-1
14
-1
591
492
0
14
23
120
105
10
-16777216
14
-1
604
484
0
14
24
125
105
10
0
0
-1
617
476
0
14
25
130
105
10
-1
0
-1
630
468
0
14
26
135
105
10
-1
0
-1
643
460
0
14
27
140
105
10
-16777216
0
-1
656
452
0
14
28
145
105
10
0
0
-1
669
444
0
14
29
150
105
10
-1
0
-1
682
436
0
14
30
155
105
10
-1
0
-1
695
428
0
14
31
160
105
10
-1
0
-1
708
420
0
14
32
165
105
10
0
0
-1
721
412
0
14
33
170
105
10
-1
0
-1
734
404
0
14
34
175
105
10
-1
0
-1
747
396
0
14
35
180
105
10
-16777216
0
-1
760
388
0
14
36
185
105
10
0
0
-1
773
380
0
14
37
190
105
10
-1
0
-1
786
372
0
14
38
195
105
10
-1
0
-1
799
364
0
14
39
200
105
10
-256
0
-1
812
356
0
14
40
205
105
10
16843009
0
-1
825
348
0
14
41
210
105
10
-1
0
-1
838
340
0
14
42
215
105
10
-1
0
-1
851
332
0
14
43
220
105
10
-65536
0
-1
864
324
0
14
44
225
105
10
0
0
-1
303
683
0
15
0
5
112
10
-1
0
-1
316
675
0
15
1
10
112
10
-1
0
-1
329
667
0
15
2
15
112
10
-16776959
0
-1
342
659
0
15
3
20
112
10
16842752
0
-1
355
651
0
15
4
25
112
10
-1
0
-1
368
643
0
15
5
30
112
10
-1
0
-1
381
635
0
15
6
35
112
10
-16777216
0
-1
394
627
0
15
7
40
112
10
255
0
-1
407
619
0
15
8
45
112
10
-1
0
-1
420
611
0
15
9
50
112
10
-16777216
0
-1
433
603
0
15
10
55
112
10
0
0
-1
446
595
0
15
11
60
112
10
255
0
-1
459
587
0
15
12
65
112
10
-1
0
-1
472
579
0
15
13
70
112
10
0
0
-1
485
571
0
15
14
75
112
10
0
0
-1
498
563
0
15
15
80
112
10
65535
0
-1
511
555
0
15
16
85
112
10
-1
0
-1
524
547
0
15
17
90
112
10
-1
14
-1
537
539
0
15
18
95
112
10
0
16
-1
550
531
0
15
19
100
112
10
65535
14
-1
563
523
0
15
20
105
112
10
-1
0
-1
576
515
0
15
21
110
112
10
-1
14
-1
589
507
0
15
22
115
112
10
0
16
-1
602
499
0
15
23
120
112
10
16777215
14
-1
615
491
0
15
24
125
112
10
-1
0
-1
628
483
0
15
25
130
112
10
-1
0
-1
641
475
0
15
26
135
112
10
0
0
-1
654
467
0
15
27
140
112
10
16777215
0
-1
667
459
0
15
28
145
112
10
-1
0
-1
680
451
0
15
29
150
112
10
-1
0
-1
693
443
0
15
30
155
112
10
-1
0
-1
706
435
0
15
31
160
112
10
16777215
0
-1
719
427
0
15
32
165
112
10
-1
0
-1
732
419
0
15
33
170
112
10
-256
0
-1
745
411
0
15
34
175
112
10
0
0
-1
758
403
0
15
35
180
112
10
-1
0
-1
771
395
0
15
36
185
112
10
-1
0
-1
784
387
0
15
37
190
112
10
-256
0
-1
797
379
0
15
38
195
112
10
0
0
-1
810
371
0
15
39
200
112
10
-1
0
-1
823
363
0
15
40
205
112
10
-1
0
-1
836
355
0
15
41
210
112
10
-1
0
-1
849
347
0
15
42
215
112
10
0
0
-1
862
339
0
15
43
220
112
10
-1
0
-1
875
331
0
15
44
225
112
10
-1
0
-1
314
690
0
16
0
5
119
10
-256
0
-1
327
682
0
16
1
10
119
10
0
0
-1
340
674
0
16
2
15
119
10
-1
0
-1
353
666
0
16
3
20
119
10
-1
0
-1
366
658
0
16
4
25
119
10
-1
0
-1
379
650
0
16
5
30
119
10
16842752
0
-1
392
642
0
16
6
35
119
10
-1
0
-1
405
634
0
16
7
40
119
10
-1
0
-1
418
626
0
16
8
45
119
10
-1
0
-1
431
618
0
16
9
50
119
10
1
0
-1
444
610
0
16
10
55
119
10
-1
0
-1
457
602
0
16
11
60
119
10
-1
0
-1
470
594
0
16
12
65
119
10
-256
0
-1
483
586
0
16
13
70
119
10
16777216
0
-1
496
578
0
16
14
75
119
10
-1
0
-1
509
570
0
16
15
80
119
10
-1
0
-1
522
562
0
16
16
85
119
10
-256
0
-1
535
554
0
16
17
90
119
10
16842752
14
-1
548
546
0
16
18
95
119
10
-1
14
-1
561
538
0
16
19
100
119
10
-256
14
-1
574
530
0
16
20
105
119
10
257
0
-1
587
522
0
16
21
110
119
10
0
14
-1
600
514
0
16
22
115
119
10
-1
14
-1
613
506
0
16
23
120
119
10
-16777216
14
-1
626
498
0
16
24
125
119
10
16843008
0
-1
639
490
0
16
25
130
119
10
16842752
0
-1
652
482
0
16
26
135
119
10
-1
0
-1
665
474
0
16
27
140
119
10
-1
0
-1
678
466
0
16
28
145
119
10
257
0
-1
691
458
0
16
29
150
119
10
65792
0
-1
704
450
0
16
30
155
119
10
-1
0
-1
717
442
0
16
31
160
119
10
-1
0
-1
730
434
0
16
32
165
119
10
257
0
-1
743
426
0
16
33
170
119
10
16777471
0
-1
756
418
0
16
34
175
119
10
-1
0
-1
769
410
0
16
35
180
119
10
-1
0
-1
782
402
0
16
36
185
119
10
16842752
0
-1
795
394
0
16
37
190
119
10
16777471
0
-1
808
386
0
16
38
195
119
10
-1
0
-1
821
378
0
16
39
200
119
10
-1
0
-1
834
370
0
16
40
205
119
10
-1
0
-1
847
362
0
16
41
210
119
10
255
0
-1
860
354
0
16
42
215
119
10
-1
0
-1
873
346
0
16
43
220
119
10
-1
0
-1
886
338
0
16
44
225
119
10
-16777216
0
-1
325
697
0
17
0
5
126
10
65535
0
-1
338
689
0
17
1
10
126
10
-1
0
-1
351
681
0
17
2
15
126
10
-1
0
-1
364
673
0
17
3
20
126
10
1
0
-1
377
665
0
17
4
25
126
10
65535
0
-1
390
657
0
17
5
30
126
10
-1
0
-1
403
649
0
17
6
35
126
10
-1
0
-1
416
641
0
17
7
40
126
10
0
0
-1
429
633
0
17
8
45
126
10
16777215
0
-1
442
625
0
17
9
50
126
10
-1
0
-1
455
617
0
17
10
55
126
10
-1
0
-1
468
609
0
17
11
60
126
10
257
0
-1
481
601
0
17
12
65
126
10
16777215
0
-1
494
593
0
17
13
70
126
10
-1
0
-1
507
585
0
17
14
75
126
10
-1
0
-1
520
577
0
17
15
80
126
10
65793
0
-1
533
569
0
17
16
85
126
10
-1
0
-1
546
561
0
17
17
90
126
10
-1
0
-1
559
553
0
17
18
95
126
10
-1
0
-1
572
545
0
17
19
100
126
10
16842753
0
-1
585
537
0
17
20
105
126
10
-1
0
-1
598
529
0
17
21
110
126
10
-1
0
-1
611
521
0
17
22
115
126
10
-1
0
-1
624
513
0
17
23
120
126
10
65792
0
-1
637
505
0
17
24
125
126
10
-1
0
-1
650
497
0
17
25
130
126
10
-1
0
-1
663
489
0
17
26
135
126
10
-1
0
-1
676
481
0
17
27
140
126
10
257
0
-1
689
473
0
17
28
145
126
10
-1
0
-1
702
465
0
17
29
150
126
10
-1
0
-1
715
457
0
17
30
155
126
10
-65536
0
-1
728
449
0
17
31
160
126
10
16842752
0
-1
741
441
0
17
32
165
126
10
-1
0
-1
754
433
0
17
33
170
126
10
-256
0
-1
767
425
0
17
34
175
126
10
-16777216
0
-1
780
417
0
17
35
180
126
10
257
0
-1
793
409
0
17
36
185
126
10
-1
0
-1
806
401
0
17
37
190
126
10
-1
0
-1
819
393
0
17
38
195
126
10
16843008
0
-1
832
385
0
17
39
200
126
10
16777216
0
-1
845
377
0
17
40
205
126
10
-1
0
-1
858
369
0
17
41
210
126
10
-1
0
-1
871
361
0
17
42
215
126
10
0
0
-1
884
353
0
17
43
220
126
10
65792
0
-1
897
345
0
17
44
225
126
10
-1
0
-1
336
704
0
18
0
5
133
10
-1
0
-1
349
696
0
18
1
10
133
10
-16776959
0
-1
362
688
0
18
2
15
133
10
16842752
0
-1
375
680
0
18
3
20
133
10
-1
0
-1
388
672
0
18
4
25
133
10
-1
0
-1
401
664
0
18
5
30
133
10
-1
0
-1
414
656
0
18
6
35
133
10
0
0
-1
427
648
0
18
7
40
133
10
-1
0
-1
440
640
0
18
8
45
133
10
-1
0
-1
453
632
0
18
9
50
133
10
-256
0
-1
466
624
0
18
10
55
133
10
16777216
0
-1
479
616
0
18
11
60
133
10
-1
0
-1
492
608
0
18
12
65
133
10
-1
0
-1
505
600
0
18
13
70
133
10
65793
0
-1
518
592
0
18
14
75
133
10
16842752
0
-1
531
584
0
18
15
80
133
10
-1
0
-1
544
576
0
18
16
85
133
10
-1
0
-1
557
568
0
18
17
90
133
10
16842752
0
-1
570
560
0
18
18
95
133
10
255
0
-1
583
552
0
18
19
100
133
10
-1
0
-1
596
544
0
18
20
105
133
10
-1
0
-1
609
536
0
18
21
110
133
10
0
0
-1
622
528
0
18
22
115
133
10
255
0
-1
635
520
0
18
23
120
133
10
-1
0
-1
648
512
0
18
24
125
133
10
-1
0
-1
661
504
0
18
25
130
133
10
-65535
0
-1
674
496
0
18
26
135
133
10
65535
0
-1
687
488
0
18
27
140
133
10
-1
0
-1
700
480
0
18
28
145
133
10
-1
0
-1
713
472
0
18
29
150
133
10
0
0
-1
726
464
0
18
30
155
133
10
65535
0
-1
739
456
0
18
31
160
133
10
-1
0
-1
752
448
0
18
32
165
133
10
-1
0
-1
765
440
0
18
33
170
133
10
0
0
-1
778
432
0
18
34
175
133
10
65535
0
-1
791
424
0
18
35
180
133
10
-1
0
-1
804
416
0
18
36
185
133
10
-1
0
-1
817
408
0
18
37
190
133
10
0
0
-1
830
400
0
18
38
195
133
10
16777215
0
-1
843
392
0
18
39
200
133
10
-1
0
-1
856
384
0
18
40
205
133
10
-1
0
-1
869
376
0
18
41
210
133
10
0
0
-1
882
368
0
18
42
215
133
10
16777215
0
-1
895
360
0
18
43
220
133
10
-1
0
-1
908
352
0
18
44
225
133
10
-256
0
-1
347
711
0
19
0
5
140
10
0
0
-1
360
703
0
19
1
10
140
10
-1
0
-1
373
695
0
19
2
15
140
10
-1
0
-1
386
687
0
19
3
20
140
10
0
0
-1
399
679
0
19
4
25
140
10
257
0
-1
412
671
0
19
5
30
140
10
-1
0
-1
425
663
0
19
6
35
140
10
-1
0
-1
438
655
0
19
7
40
140
10
0
0
-1
451
647
0
19
8
45
140
10
1
0
-1
464
639
0
19
9
50
140
10
-1
0
-1
477
631
0
19
10
55
140
10
-1
0
-1
490
623
0
19
11
60
140
10
-256
0
-1
503
615
0
19
12
65
140
10
0
0
-1
516
607
0
19
13
70
140
10
-1
0
-1
529
599
0
19
14
75
140
10
-1
0
-1
542
591
0
19
15
80
140
10
-1
0
-1
555
583
0
19
16
85
140
10
0
0
-1
568
575
0
19
17
90
140
10
-1
0
-1
581
567
0
19
18
95
140
10
-1
0
-1
594
559
0
19
19
100
140
10
-1
0
-1
607
551
0
19
20
105
140
10
0
0
-1
620
543
0
19
21
110
140
10
-1
0
-1
633
535
0
19
22
115
140
10
-1
0
-1
646
527
0
19
23
120
140
10
-65536
0
-1
659
519
0
19
24
125
140
10
-16777216
0
-1
672
511
0
19
25
130
140
10
-1
0
-1
685
503
0
19
26
135
140
10
-1
0
-1
698
495
0
19
27
140
140
10
257
0
-1
711
487
0
19
28
145
140
10
0
0
-1
724
479
0
19
29
150
140
10
-1
0
-1
737
471
0
19
30
155
140
10
-1
0
-1
750
463
0
19
31
160
140
10
0
0
-1
763
455
0
19
32
165
140
10
0
0
-1
776
447
0
19
33
170
140
10
-1
0
-1
789
439
0
19
34
175
140
10
-1
0
-1
802
431
0
19
35
180
140
10
-1
0
-1
815
423
0
19
36
185
140
10
0
0
-1
828
415
0
19
37
190
140
10
-1
0
-1
841
407
0
19
38
195
140
10
-1
0
-1
854
399
0
19
39
200
140
10
0
0
-1
867
391
0
19
40
205
140
10
0
0
-1
880
383
0
19
41
210
140
10
-1
0
-1
893
375
0
19
42
215
140
10
-1
0
-1
906
367
0
19
43
220
140
10
-65536
0
-1
919
359
0
19
44
225
140
10
0
0
-1
358
718
0
20
0
5
147
10
-1
0
-1
371
710
0
20
1
10
147
10
-1
0
-1
384
702
0
20
2
15
147
10
-1
0
-1
397
694
0
20
3
20
147
10
-1
0
-1
410
686
0
20
4
25
147
10
-1
0
-1
423
678
0
20
5
30
147
10
-1
0
-1
436
670
0
20
6
35
147
10
-1
0
-1
449
662
0
20
7
40
147
10
-1
0
-1
462
654
0
20
8
45
147
10
-1
0
-1
475
646
0
20
9
50
147
10
157263584
0
-1
488
638
0
20
10
55
147
10
0
0
-1
501
630
0
20
11
60
147
10
0
0
-1
514
622
0
20
12
65
147
10
0
0
-1
527
614
0
20
13
70
147
10
0
0
-1
540
606
0
20
14
75
147
10
0
0
-1
553
598
0
20
15
80
147
10
0
0
-1
566
590
0
20
16
85
147
10
0
0
-1
579
582
0
20
17
90
147
10
0
0
-1
592
574
0
20
18
95
147
10
0
0
-1
605
566
0
20
19
100
147
10
0
0
-1
618
558
0
20
20
105
147
10
0
0
-1
631
550
0
20
21
110
147
10
0
0
-1
644
542
0
20
22
115
147
10
0
0
-1
657
534
0
20
23
120
147
10
0
0
-1
670
526
0
20
24
125
147
10
0
0
-1
683
518
0
20
25
130
147
10
0
0
-1
696
510
0
20
26
135
147
10
0
0
-1
709
502
0
20
27
140
147
10
0
0
-1
722
494
0
20
28
145
147
10
0
0
-1
735
486
0
20
29
150
147
10
0
0
-1
748
478
0
20
30
155
147
10
0
0
-1
761
470
0
20
31
160
147
10
0
0
-1
774
462
0
20
32
165
147
10
0
0
-1
787
454
0
20
33
170
147
10
0
0
-1
800
446
0
20
34
175
147
10
0
0
-1
813
438
0
20
35
180
147
10
0
0
-1
826
430
0
20
36
185
147
10
0
0
-1
839
422
0
20
37
190
147
10
0
0
-1
852
414
0
20
38
195
147
10
0
0
-1
865
406
0
20
39
200
147
10
0
0
-1
878
398
0
20
40
205
147
10
0
0
-1
891
390
0
20
41
210
147
10
0
0
-1
904
382
0
20
42
215
147
10
0
0
-1
917
374
0
20
43
220
147
10
0
0
-1
930
366
0
20
44
225
147
10
0
0
-1
369
725
0
21
0
5
154
10
0
0
-1
382
717
0
21
1
10
154
10
0
0
-1
395
709
0
21
2
15
154
10
0
0
-1
408
701
0
21
3
20
154
10
0
0
-1
421
693
0
21
4
25
154
10
0
0
-1
434
685
0
21
5
30
154
10
0
0
-1
447
677
0
21
6
35
154
10
0
0
-1
460
669
0
21
7
40
154
10
0
0
-1
473
661
0
21
8
45
154
10
0
0
-1
486
653
0
21
9
50
154
10
0
0
-1
499
645
0
21
10
55
154
10
0
0
-1
512
637
0
21
11
60
154
10
0
0
-1
525
629
0
21
12
65
154
10
0
0
-1
538
621
0
21
13
70
154
10
0
0
-1
551
613
0
21
14
75
154
10
0
0
-1
564
605
0
21
15
80
154
10
0
0
-1
577
597
0
21
16
85
154
10
0
0
-1
590
589
0
21
17
90
154
10
0
0
-1
603
581
0
21
18
95
154
10
0
0
-1
616
573
0
21
19
100
154
10
0
0
-1
629
565
0
21
20
105
154
10
0
0
-1
642
557
0
21
21
110
154
10
0
0
-1
655
549
0
21
22
115
154
10
0
0
-1
668
541
0
21
23
120
154
10
0
0
-1
681
533
0
21
24
125
154
10
0
0
-1
694
525
0
21
25
130
154
10
0
0
-1
707
517
0
21
26
135
154
10
0
0
-1
720
509
0
21
27
140
154
10
0
0
-1
733
501
0
21
28
145
154
10
0
0
-1
746
493
0
21
29
150
154
10
0
0
-1
759
485
0
21
30
155
154
10
0
0
-1
772
477
0
21
31
160
154
10
0
0
-1
785
469
0
21
32
165
154
10
0
0
-1
798
461
0
21
33
170
154
10
0
0
-1
811
453
0
21
34
175
154
10
0
0
-1
824
445
0
21
35
180
154
10
0
0
-1
837
437
0
21
36
185
154
10
0
0
-1
850
429
0
21
37
190
154
10
0
0
-1
863
421
0
21
38
195
154
10
0
0
-1
876
413
0
21
39
200
154
10
0
0
-1
889
405
0
21
40
205
154
10
0
0
-1
902
397
0
21
41
210
154
10
0
0
-1
915
389
0
21
42
215
154
10
0
0
-1
928
381
0
21
43
220
154
10
0
0
-1
941
373
0
21
44
225
154
10
0
0
-1
380
732
0
22
0
5
161
10
0
0
-1
393
724
0
22
1
10
161
10
0
0
-1
406
716
0
22
2
15
161
10
0
0
-1
419
708
0
22
3
20
161
10
0
0
-1
432
700
0
22
4
25
161
10
0
0
-1
445
692
0
22
5
30
161
10
0
0
-1
458
684
0
22
6
35
161
10
0
0
-1
471
676
0
22
7
40
161
10
0
0
-1
484
668
0
22
8
45
161
10
0
0
-1
497
660
0
22
9
50
161
10
0
0
-1
510
652
0
22
10
55
161
10
0
0
-1
523
644
0
22
11
60
161
10
0
0
-1
536
636
0
22
12
65
161
10
0
0
-1
549
628
0
22
13
70
161
10
0
0
-1
562
620
0
22
14
75
161
10
0
0
-1
575
612
0
22
15
80
161
10
0
0
-1
588
604
0
22
16
85
161
10
0
0
-1
601
596
0
22
17
90
161
10
0
0
-1
614
588
0
22
18
95
161
10
0
0
-1
627
580
0
22
19
100
161
10
0
0
-1
640
572
0
22
20
105
161
10
0
0
-1
653
564
0
22
21
110
161
10
0
0
-1
666
556
0
22
22
115
161
10
0
0
-1
679
548
0
22
23
120
161
10
0
0
-1
692
540
0
22
24
125
161
10
0
0
-1
705
532
0
22
25
130
161
10
0
0
-1
718
524
0
22
26
135
161
10
0
0
-1
731
516
0
22
27
140
161
10
0
0
-1
744
508
0
22
28
145
161
10
0
0
-1
757
500
0
22
29
150
161
10
0
0
-1
770
492
0
22
30
155
161
10
0
0
-1
783
484
0
22
31
160
161
10
0
0
-1
796
476
0
22
32
165
161
10
0
0
-1
809
468
0
22
33
170
161
10
0
0
-1
822
460
0
22
34
175
161
10
0
0
-1
835
452
0
22
35
180
161
10
0
0
-1
848
444
0
22
36
185
161
10
0
0
-1
861
436
0
22
37
190
161
10
0
0
-1
874
428
0
22
38
195
161
10
0
0
-1
887
420
0
22
39
200
161
10
0
0
-1
900
412
0
22
40
205
161
10
0
0
-1
913
404
0
22
41
210
161
10
0
0
-1
926
396
0
22
42
215
161
10
0
0
-1
939
388
0
22
43
220
161
10
0
0
-1
952
380
0
22
44
225
161
10
0
0
-1
391
739
0
23
0
5
168
10
0
0
-1
404
731
0
23
1
10
168
10
0
0
-1
417
723
0
23
2
15
168
10
0
0
-1
430
715
0
23
3
20
168
10
0
0
-1
443
707
0
23
4
25
168
10
0
0
-1
456
699
0
23
5
30
168
10
0
0
-1
469
691
0
23
6
35
168
10
0
0
-1
482
683
0
23
7
40
168
10
0
0
-1
495
675
0
23
8
45
168
10
0
0
-1
508
667
0
23
9
50
168
10
0
0
-1
521
659
0
23
10
55
168
10
0
0
-1
534
651
0
23
11
60
168
10
0
0
-1
547
643
0
23
12
65
168
10
0
0
-1
560
635
0
23
13
70
168
10
0
0
-1
573
627
0
23
14
75
168
10
0
0
-1
586
619
0
23
15
80
168
10
0
0
-1
599
611
0
23
16
85
168
10
0
0
-1
612
603
0
23
17
90
168
10
0
0
-1
625
595
0
23
18
95
168
10
0
0
-1
638
587
0
23
19
100
168
10
0
0
-1
651
579
0
23
20
105
168
10
0
0
-1
664
571
0
23
21
110
168
10
0
0
-1
677
563
0
23
22
115
168
10
0
0
-1
690
555
0
23
23
120
168
10
0
0
-1
703
547
0
23
24
125
168
10
0
0
-1
716
539
0
23
25
130
168
10
0
0
-1
729
531
0
23
26
135
168
10
0
0
-1
742
523
0
23
27
140
168
10
0
0
-1
755
515
0
23
28
145
168
10
0
0
-1
768
507
0
23
29
150
168
10
0
0
-1
781
499
0
23
30
155
168
10
0
0
-1
794
491
0
23
31
160
168
10
0
0
-1
807
483
0
23
32
165
168
10
0
0
-1
820
475
0
23
33
170
168
10
0
0
-1
833
467
0
23
34
175
168
10
0
0
-1
846
459
0
23
35
180
168
10
0
0
-1
859
451
0
23
36
185
168
10
0
0
-1
872
443
0
23
37
190
168
10
0
0
-1
885
435
0
23
38
195
168
10
0
0
-1
898
427
0
23
39
200
168
10
0
0
-1
911
419
0
23
40
205
168
10
0
0
-1
924
411
0
23
41
210
168
10
0
0
-1
937
403
0
23
42
215
168
10
0
0
-1
950
395
0
23
43
220
168
10
0
0
-1
963
387
0
23
44
225
168
10
0
0
-1
402
746
0
24
0
5
175
10
0
0
-1
415
738
0
24
1
10
175
10
0
0
-1
428
730
0
24
2
15
175
10
0
0
-1
441
722
0
24
3
20
175
10
0
0
-1
454
714
0
24
4
25
175
10
0
0
-1
467
706
0
24
5
30
175
10
0
0
-1
480
698
0
24
6
35
175
10
0
0
-1
493
690
0
24
7
40
175
10
0
0
-1
506
682
0
24
8
45
175
10
0
0
-1
519
674
0
24
9
50
175
10
0
0
-1
532
666
0
24
10
55
175
10
0
0
-1
545
658
0
24
11
60
175
10
0
0
-1
558
650
0
24
12
65
175
10
0
0
-1
571
642
0
24
13
70
175
10
0
0
-1
584
634
0
24
14
75
175
10
0
0
-1
597
626
0
24
15
80
175
10
0
0
-1
610
618
0
24
16
85
175
10
0
0
-1
623
610
0
24
17
90
175
10
0
0
-1
636
602
0
24
18
95
175
10
0
0
-1
649
594
0
24
19
100
175
10
0
0
-1
662
586
0
24
20
105
175
10
0
0
-1
675
578
0
24
21
110
175
10
0
0
-1
688
570
0
24
22
115
175
10
0
0
-1
701
562
0
24
23
120
175
10
0
0
-1
714
554
0
24
24
125
175
10
0
0
-1
727
546
0
24
25
130
175
10
0
0
-1
740
538
0
24
26
135
175
10
0
0
-1
753
530
0
24
27
140
175
10
0
0
-1
766
522
0
24
28
145
175
10
0
0
-1
779
514
0
24
29
150
175
10
0
0
-1
792
506
0
24
30
155
175
10
0
0
-1
805
498
0
24
31
160
175
10
0
0
-1
818
490
0
24
32
165
175
10
0
0
-1
831
482
0
24
33
170
175
10
0
0
-1
844
474
0
24
34
175
175
10
0
0
-1
857
466
0
24
35
180
175
10
0
0
-1
870
458
0
24
36
185
175
10
0
0
-1
883
450
0
24
37
190
175
10
0
0
-1
896
442
0
24
38
195
175
10
0
0
-1
909
434
0
24
39
200
175
10
0
0
-1
922
426
0
24
40
205
175
10
0
0
-1
935
418
0
24
41
210
175
10
0
0
-1
948
410
0
24
42
215
175
10
0
0
-1
961
402
0
24
43
220
175
10
0
0
-1
974
394
0
24
44
225
175
10
0
0
-1
413
753
0
25
0
5
182
10
0
0
-1
426
745
0
25
1
10
182
10
0
0
-1
439
737
0
25
2
15
182
10
0
0
-1
452
729
0
25
3
20
182
10
0
0
-1
465
721
0
25
4
25
182
10
0
0
-1
478
713
0
25
5
30
182
10
0
0
-1
491
705
0
25
6
35
182
10
0
0
-1
504
697
0
25
7
40
182
10
0
0
-1
517
689
0
25
8
45
182
10
0
0
-1
530
681
0
25
9
50
182
10
0
0
-1
543
673
0
25
10
55
182
10
0
0
-1
556
665
0
25
11
60
182
10
0
0
-1
569
657
0
25
12
65
182
10
0
0
-1
582
649
0
25
13
70
182
10
0
0
-1
595
641
0
25
14
75
182
10
0
0
-1
608
633
0
25
15
80
182
10
0
0
-1
621
625
0
25
16
85
182
10
0
0
-1
634
617
0
25
17
90
182
10
0
0
-1
647
609
0
25
18
95
182
10
0
0
-1
660
601
0
25
19
100
182
10
0
0
-1
673
593
0
25
20
105
182
10
0
0
-1
686
585
0
25
21
110
182
10
0
0
-1
699
577
0
25
22
115
182
10
0
0
-1
712
569
0
25
23
120
182
10
0
0
-1
725
561
0
25
24
125
182
10
0
0
-1
738
553
0
25
25
130
182
10
0
0
-1
751
545
0
25
26
135
182
10
0
0
-1
764
537
0
25
27
140
182
10
0
0
-1
777
529
0
25
28
145
182
10
0
0
-1
790
521
0
25
29
150
182
10
0
0
-1
803
513
0
25
30
155
182
10
0
0
-1
816
505
0
25
31
160
182
10
0
0
-1
829
497
0
25
32
165
182
10
0
0
-1
842
489
0
25
33
170
182
10
0
0
-1
855
481
0
25
34
175
182
10
0
0
-1
868
473
0
25
35
180
182
10
0
0
-1
881
465
0
25
36
185
182
10
0
0
-1
894
457
0
25
37
190
182
10
0
0
-1
907
449
0
25
38
195
182
10
0
0
-1
920
441
0
25
39
200
182
10
0
0
-1
933
433
0
25
40
205
182
10
0
0
-1
946
425
0
25
41
210
182
10
0
0
-1
959
417
0
25
42
215
182
10
0
0
-1
972
409
0
25
43
220
182
10
0
0
-1
985
401
0
25
44
225
182
10
0
0
-1
424
760
0
26
0
5
189
10
0
0
-1
437
752
0
26
1
10
189
10
0
0
-1
450
744
0
26
2
15
189
10
0
0
-1
463
736
0
26
3
20
189
10
0
0
-1
476
728
0
26
4
25
189
10
0
0
-1
489
720
0
26
5
30
189
10
0
0
-1
502
712
0
26
6
35
189
10
0
0
-1
515
704
0
26
7
40
189
10
0
0
-1
528
696
0
26
8
45
189
10
0
0
-1
541
688
0
26
9
50
189
10
0
0
-1
554
680
0
26
10
55
189
10
0
0
-1
567
672
0
26
11
60
189
10
0
0
-1
580
664
0
26
12
65
189
10
0
0
-1
593
656
0
26
13
70
189
10
0
0
-1
606
648
0
26
14
75
189
10
0
0
-1
619
640
0
26
15
80
189
10
0
0
-1
632
632
0
26
16
85
189
10
0
0
-1
645
624
0
26
17
90
189
10
0
0
-1
658
616
0
26
18
95
189
10
0
0
-1
671
608
0
26
19
100
189
10
0
0
-1
684
600
0
26
20
105
189
10
0
0
-1
697
592
0
26
21
110
189
10
0
0
-1
710
584
0
26
22
115
189
10
0
0
-1
723
576
0
26
23
120
189
10
0
0
-1
736
568
0
26
24
125
189
10
0
0
-1
749
560
0
26
25
130
189
10
0
0
-1
762
552
0
26
26
135
189
10
0
0
-1
775
544
0
26
27
140
189
10
0
0
-1
788
536
0
26
28
145
189
10
0
0
-1
801
528
0
26
29
150
189
10
0
0
-1
814
520
0
26
30
155
189
10
0
0
-1
827
512
0
26
31
160
189
10
0
0
-1
840
504
0
26
32
165
189
10
0
0
-1
853
496
0
26
33
170
189
10
0
0
-1
866
488
0
26
34
175
189
10
0
0
-1
879
480
0
26
35
180
189
10
0
0
-1
892
472
0
26
36
185
189
10
0
0
-1
905
464
0
26
37
190
189
10
0
0
-1
918
456
0
26
38
195
189
10
0
0
-1
931
448
0
26
39
200
189
10
0
0
-1
944
440
0
26
40
205
189
10
0
0
-1
957
432
0
26
41
210
189
10
0
0
-1
970
424
0
26
42
215
189
10
0
0
-1
983
416
0
26
43
220
189
10
0
0
-1
996
408
0
26
44
225
189
10
0
0
-1
435
767
0
27
0
5
196
10
0
0
-1
448
759
0
27
1
10
196
10
0
0
-1
461
751
0
27
2
15
196
10
0
0
-1
474
743
0
27
3
20
196
10
0
0
-1
487
735
0
27
4
25
196
10
0
0
-1
500
727
0
27
5
30
196
10
0
0
-1
513
719
0
27
6
35
196
10
0
0
-1
526
711
0
27
7
40
196
10
0
0
-1
539
703
0
27
8
45
196
10
0
0
-1
552
695
0
27
9
50
196
10
0
0
-1
565
687
0
27
10
55
196
10
0
0
-1
578
679
0
27
11
60
196
10
0
0
-1
591
671
0
27
12
65
196
10
0
0
-1
604
663
0
27
13
70
196
10
0
0
-1
617
655
0
27
14
75
196
10
0
0
-1
630
647
0
27
15
80
196
10
0
0
-1
643
639
0
27
16
85
196
10
0
0
-1
656
631
0
27
17
90
196
10
0
0
-1
669
623
0
27
18
95
196
10
0
0
-1
682
615
0
27
19
100
196
10
0
0
-1
695
607
0
27
20
105
196
10
0
0
-1
708
599
0
27
21
110
196
10
0
0
-1
721
591
0
27
22
115
196
10
0
0
-1
734
583
0
27
23
120
196
10
0
0
-1
747
575
0
27
24
125
196
10
0
0
-1
760
567
0
27
25
130
196
10
0
0
-1
773
559
0
27
26
135
196
10
0
0
-1
786
551
0
27
27
140
196
10
0
0
-1
799
543
0
27
28
145
196
10
0
0
-1
812
535
0
27
29
150
196
10
0
0
-1
825
527
0
27
30
155
196
10
0
0
-1
838
519
0
27
31
160
196
10
0
0
-1
851
511
0
27
32
165
196
10
0
0
-1
864
503
0
27
33
170
196
10
0
0
-1
877
495
0
27
34
175
196
10
0
0
-1
890
487
0
27
35
180
196
10
0
0
-1
903
479
0
27
36
185
196
10
0
0
-1
916
471
0
27
37
190
196
10
0
0
-1
929
463
0
27
38
195
196
10
0
0
-1
942
455
0
27
39
200
196
10
0
0
-1
955
447
0
27
40
205
196
10
0
0
-1
968
439
0
27
41
210
196
10
0
0
-1
981
431
0
27
42
215
196
10
0
0
-1
994
423
0
27
43
220
196
10
0
0
-1
1007
415
0
27
44
225
196
10
0
0
-1
446
774
0
28
0
5
203
10
0
0
-1
459
766
0
28
1
10
203
10
0
0
-1
472
758
0
28
2
15
203
10
0
0
-1
485
750
0
28
3
20
203
10
0
0
-1
498
742
0
28
4
25
203
10
0
0
-1
511
734
0
28
5
30
203
10
0
0
-1
524
726
0
28
6
35
203
10
0
0
-1
537
718
0
28
7
40
203
10
0
0
-1
550
710
0
28
8
45
203
10
0
0
-1
563
702
0
28
9
50
203
10
0
0
-1
576
694
0
28
10
55
203
10
0
0
-1
589
686
0
28
11
60
203
10
0
0
-1
602
678
0
28
12
65
203
10
0
0
-1
615
670
0
28
13
70
203
10
0
0
-1
628
662
0
28
14
75
203
10
0
0
-1
641
654
0
28
15
80
203
10
0
0
-1
654
646
0
28
16
85
203
10
0
0
-1
667
638
0
28
17
90
203
10
0
0
-1
680
630
0
28
18
95
203
10
0
0
-1
693
622
0
28
19
100
203
10
0
0
-1
706
614
0
28
20
105
203
10
0
0
-1
719
606
0
28
21
110
203
10
0
0
-1
732
598
0
28
22
115
203
10
0
0
-1
745
590
0
28
23
120
203
10
0
0
-1
758
582
0
28
24
125
203
10
0
0
-1
771
574
0
28
25
130
203
10
0
0
-1
784
566
0
28
26
135
203
10
0
0
-1
797
558
0
28
27
140
203
10
0
0
-1
810
550
0
28
28
145
203
10
0
0
-1
823
542
0
28
29
150
203
10
0
0
-1
836
534
0
28
30
155
203
10
0
0
-1
849
526
0
28
31
160
203
10
0
0
-1
862
518
0
28
32
165
203
10
0
0
-1
875
510
0
28
33
170
203
10
0
0
-1
888
502
0
28
34
175
203
10
0
0
-1
901
494
0
28
35
180
203
10
0
0
-1
914
486
0
28
36
185
203
10
0
0
-1
927
478
0
28
37
190
203
10
0
0
-1
940
470
0
28
38
195
203
10
0
0
-1
953
462
0
28
39
200
203
10
0
0
-1
966
454
0
28
40
205
203
10
0
0
-1
979
446
0
28
41
210
203
10
0
0
-1
992
438
0
28
42
215
203
10
0
0
-1
1005
430
0
28
43
220
203
10
0
0
-1
1018
422
0
28
44
225
203
10
0
0
-1
457
781
0
29
0
5
210
10
0
0
-1
470
773
0
29
1
10
210
10
0
0
-1
483
765
0
29
2
15
210
10
0
0
-1
496
757
0
29
3
20
210
10
0
0
-1
509
749
0
29
4
25
210
10
0
0
-1
522
741
0
29
5
30
210
10
0
0
-1
535
733
0
29
6
35
210
10
0
0
-1
548
725
0
29
7
40
210
10
0
0
-1
561
717
0
29
8
45
210
10
0
0
-1
574
709
0
29
9
50
210
10
0
0
-1
587
701
0
29
10
55
210
10
0
0
-1
600
693
0
29
11
60
210
10
0
0
-1
613
685
0
29
12
65
210
10
0
0
-1
626
677
0
29
13
70
210
10
0
0
-1
639
669
0
29
14
75
210
10
0
0
-1
652
661
0
29
15
80
210
10
0
0
-1
665
653
0
29
16
85
210
10
0
0
-1
678
645
0
29
17
90
210
10
0
0
-1
691
637
0
29
18
95
210
10
0
0
-1
704
629
0
29
19
100
210
10
0
0
-1
717
621
0
29
20
105
210
10
0
0
-1
730
613
0
29
21
110
210
10
0
0
-1
743
605
0
29
22
115
210
10
0
0
-1
756
597
0
29
23
120
210
10
0
0
-1
769
589
0
29
24
125
210
10
0
0
-1
782
581
0
29
25
130
210
10
0
0
-1
795
573
0
29
26
135
210
10
0
0
-1
808
565
0
29
27
140
210
10
0
0
-1
821
557
0
29
28
145
210
10
0
0
-1
834
549
0
29
29
150
210
10
0
0
-1
847
541
0
29
30
155
210
10
0
0
-1
860
533
0
29
31
160
210
10
0
0
-1
873
525
0
29
32
165
210
10
0
0
-1
886
517
0
29
33
170
210
10
0
0
-1
899
509
0
29
34
175
210
10
0
0
-1
912
501
0
29
35
180
210
10
0
0
-1
925
493
0
29
36
185
210
10
0
0
-1
938
485
0
29
37
190
210
10
0
0
-1
951
477
0
29
38
195
210
10
0
0
-1
964
469
0
29
39
200
210
10
0
0
-1
977
461
0
29
40
205
210
10
0
0
-1
990
453
0
29
41
210
210
10
0
0
-1
1003
445
0
29
42
215
210
10
0
0
-1
1016
437
0
29
43
220
210
10
0
0
-1
1029
429
0
29
44
225
210
10
0
0
-1
468
788
0
30
0
5
217
10
0
0
-1
481
780
0
30
1
10
217
10
0
0
-1
494
772
0
30
2
15
217
10
0
0
-1
507
764
0
30
3
20
217
10
0
0
-1
520
756
0
30
4
25
217
10
0
0
-1
533
748
0
30
5
30
217
10
0
0
-1
546
740
0
30
6
35
217
10
0
0
-1
559
732
0
30
7
40
217
10
0
0
-1
572
724
0
30
8
45
217
10
0
0
-1
585
716
0
30
9
50
217
10
0
0
-1
598
708
0
30
10
55
217
10
0
0
-1
611
700
0
30
11
60
217
10
0
0
-1
624
692
0
30
12
65
217
10
0
0
-1
637
684
0
30
13
70
217
10
0
0
-1
650
676
0
30
14
75
217
10
1060864
0
-1
663
668
0
30
15
80
217
10
0
0
-1
676
660
0
30
16
85
217
10
0
0
-1
689
652
0
30
17
90
217
10
0
0
-1
702
644
0
30
18
95
217
10
0
0
-1
715
636
0
30
19
100
217
10
0
0
-1
728
628
0
30
20
105
217
10
0
0
-1
741
620
0
30
21
110
217
10
0
0
-1
754
612
0
30
22
115
217
10
0
0
-1
767
604
0
30
23
120
217
10
0
0
-1
780
596
0
30
24
125
217
10
0
0
-1
793
588
0
30
25
130
217
10
0
0
-1
806
580
0
30
26
135
217
10
0
0
-1
819
572
0
30
27
140
217
10
0
0
-1
832
564
0
30
28
145
217
10
0
0
-1
845
556
0
30
29
150
217
10
0
0
-1
858
548
0
30
30
155
217
10
0
0
-1
871
540
0
30
31
160
217
10
0
0
-1
884
532
0
30
32
165
217
10
0
0
-1
897
524
0
30
33
170
217
10
0
0
-1
910
516
0
30
34
175
217
10
0
0
-1
923
508
0
30
35
180
217
10
0
0
-1
936
500
0
30
36
185
217
10
0
0
-1
949
492
0
30
37
190
217
10
0
0
-1
962
484
0
30
38
195
217
10
0
0
-1
975
476
0
30
39
200
217
10
0
0
-1
988
468
0
30
40
205
217
10
0
0
-1
1001
460
0
30
41
210
217
10
0
0
-1
1014
452
0
30
42
215
217
10
0
0
-1
1027
444
0
30
43
220
217
10
0
0
-1
1040
436
0
30
44
225
217
10
0
0
-1
479
795
0
31
0
5
224
10
0
0
-1
492
787
0
31
1
10
224
10
0
0
-1
505
779
0
31
2
15
224
10
0
0
-1
518
771
0
31
3
20
224
10
0
0
-1
531
763
0
31
4
25
224
10
0
0
-1
544
755
0
31
5
30
224
10
0
0
-1
557
747
0
31
6
35
224
10
0
0
-1
570
739
0
31
7
40
224
10
0
0
-1
583
731
0
31
8
45
224
10
0
0
-1
596
723
0
31
9
50
224
10
0
0
-1
609
715
0
31
10
55
224
10
0
0
-1
622
707
0
31
11
60
224
10
0
0
-1
635
699
0
31
12
65
224
10
0
0
-1
648
691
0
31
13
70
224
10
0
0
-1
661
683
0
31
14
75
224
10
0
0
-1
674
675
0
31
15
80
224
10
0
0
-1
687
667
0
31
16
85
224
10
0
0
-1
700
659
0
31
17
90
224
10
0
0
-1
713
651
0
31
18
95
224
10
0
0
-1
726
643
0
31
19
100
224
10
0
0
-1
739
635
0
31
20
105
224
10
0
0
-1
752
627
0
31
21
110
224
10
0
0
-1
765
619
0
31
22
115
224
10
0
0
-1
778
611
0
31
23
120
224
10
0
0
-1
791
603
0
31
24
125
224
10
0
0
-1
804
595
0
31
25
130
224
10
0
0
-1
817
587
0
31
26
135
224
10
0
0
-1
830
579
0
31
27
140
224
10
0
0
-1
843
571
0
31
28
145
224
10
0
0
-1
856
563
0
31
29
150
224
10
0
0
-1
869
555
0
31
30
155
224
10
0
0
-1
882
547
0
31
31
160
224
10
0
0
-1
895
539
0
31
32
165
224
10
0
0
-1
908
531
0
31
33
170
224
10
0
0
-1
921
523
0
31
34
175
224
10
0
0
-1
934
515
0
31
35
180
224
10
0
0
-1
947
507
0
31
36
185
224
10
0
0
-1
960
499
0
31
37
190
224
10
0
0
-1
973
491
0
31
38
195
224
10
0
0
-1
986
483
0
31
39
200
224
10
0
0
-1
999
475
0
31
40
205
224
10
0
0
-1
1012
467
0
31
41
210
224
10
0
0
-1
1025
459
0
31
42
215
224
10
0
0
-1
1038
451
0
31
43
220
224
10
0
0
-1
1051
443
0
31
44
225
224
10
0
0
-1
490
802
0
32
0
5
231
10
0
0
-1
503
794
0
32
1
10
231
10
0
0
-1
516
786
0
32
2
15
231
10
0
0
-1
529
778
0
32
3
20
231
10
0
0
-1
542
770
0
32
4
25
231
10
0
0
-1
555
762
0
32
5
30
231
10
0
0
-1
568
754
0
32
6
35
231
10
0
0
-1
581
746
0
32
7
40
231
10
0
0
-1
594
738
0
32
8
45
231
10
0
0
-1
607
730
0
32
9
50
231
10
0
0
-1
620
722
0
32
10
55
231
10
0
0
-1
633
714
0
32
11
60
231
10
0
0
-1
646
706
0
32
12
65
231
10
0
0
-1
659
698
0
32
13
70
231
10
0
0
-1
672
690
0
32
14
75
231
10
0
0
-1
685
682
0
32
15
80
231
10
0
0
-1
698
674
0
32
16
85
231
10
0
0
-1
711
666
0
32
17
90
231
10
0
0
-1
724
658
0
32
18
95
231
10
0
0
-1
737
650
0
32
19
100
231
10
0
0
-1
750
642
0
32
20
105
231
10
0
0
-1
763
634
0
32
21
110
231
10
0
0
-1
776
626
0
32
22
115
231
10
0
0
-1
789
618
0
32
23
120
231
10
0
0
-1
802
610
0
32
24
125
231
10
0
0
-1
815
602
0
32
25
130
231
10
0
0
-1
828
594
0
32
26
135
231
10
0
0
-1
841
586
0
32
27
140
231
10
0
0
-1
854
578
0
32
28
145
231
10
0
0
-1
867
570
0
32
29
150
231
10
0
0
-1
880
562
0
32
30
155
231
10
0
0
-1
893
554
0
32
31
160
231
10
0
0
-1
906
546
0
32
32
165
231
10
0
0
-1
919
538
0
32
33
170
231
10
0
0
-1
932
530
0
32
34
175
231
10
0
0
-1
945
522
0
32
35
180
231
10
0
0
-1
958
514
0
32
36
185
231
10
0
0
-1
971
506
0
32
37
190
231
10
0
0
-1
984
498
0
32
38
195
231
10
0
0
-1
997
490
0
32
39
200
231
10
0
0
-1
1010
482
0
32
40
205
231
10
0
0
-1
1023
474
0
32
41
210
231
10
0
0
-1
1036
466
0
32
42
215
231
10
0
0
-1
1049
458
0
32
43
220
231
10
0
0
-1
1062
450
0
32
44
225
231
10
0
0
-1
501
809
0
33
0
5
238
10
0
0
-1
514
801
0
33
1
10
238
10
0
0
-1
527
793
0
33
2
15
238
10
0
0
-1
540
785
0
33
3
20
238
10
0
0
-1
553
777
0
33
4
25
238
10
0
0
-1
566
769
0
33
5
30
238
10
0
0
-1
579
761
0
33
6
35
238
10
0
0
-1
592
753
0
33
7
40
238
10
0
0
-1
605
745
0
33
8
45
238
10
0
0
-1
618
737
0
33
9
50
238
10
0
0
-1
631
729
0
33
10
55
238
10
0
0
-1
644
721
0
33
11
60
238
10
0
0
-1
657
713
0
33
12
65
238
10
0
0
-1
670
705
0
33
13
70
238
10
0
0
-1
683
697
0
33
14
75
238
10
0
0
-1
696
689
0
33
15
80
238
10
0
0
-1
709
681
0
33
16
85
238
10
0
0
-1
722
673
0
33
17
90
238
10
0
0
-1
735
665
0
33
18
95
238
10
0
0
-1
748
657
0
33
19
100
238
10
0
0
-1
761
649
0
33
20
105
238
10
0
0
-1
774
641
0
33
21
110
238
10
0
0
-1
787
633
0
33
22
115
238
10
0
0
-1
800
625
0
33
23
120
238
10
0
0
-1
813
617
0
33
24
125
238
10
0
0
-1
826
609
0
33
25
130
238
10
0
0
-1
839
601
0
33
26
135
238
10
0
0
-1
852
593
0
33
27
140
238
10
0
0
-1
865
585
0
33
28
145
238
10
0
0
-1
878
577
0
33
29
150
238
10
0
0
-1
891
569
0
33
30
155
238
10
0
0
-1
904
561
0
33
31
160
238
10
0
0
-1
917
553
0
33
32
165
238
10
0
0
-1
930
545
0
33
33
170
238
10
0
0
-1
943
537
0
33
34
175
238
10
0
0
-1
956
529
0
33
35
180
238
10
0
0
-1
969
521
0
33
36
185
238
10
0
0
-1
982
513
0
33
37
190
238
10
0
0
-1
995
505
0
33
38
195
238
10
0
0
-1
1008
497
0
33
39
200
238
10
0
0
-1
1021
489
0
33
40
205
238
10
0
0
-1
1034
481
0
33
41
210
238
10
0
0
-1
1047
473
0
33
42
215
238
10
0
0
-1
1060
465
0
33
43
220
238
10
0
0
-1
1073
457
0
33
44
225
238
10
0
0
-1
512
816
0
34
0
5
245
10
0
0
-1
525
808
0
34
1
10
245
10
0
0
-1
538
800
0
34
2
15
245
10
0
0
-1
551
792
0
34
3
20
245
10
0
0
-1
564
784
0
34
4
25
245
10
0
0
-1
577
776
0
34
5
30
245
10
0
0
-1
590
768
0
34
6
35
245
10
0
0
-1
603
760
0
34
7
40
245
10
0
0
-1
616
752
0
34
8
45
245
10
0
0
-1
629
744
0
34
9
50
245
10
0
0
-1
642
736
0
34
10
55
245
10
0
0
-1
655
728
0
34
11
60
245
10
0
0
-1
668
720
0
34
12
65
245
10
0
0
-1
681
712
0
34
13
70
245
10
0
0
-1
694
704
0
34
14
75
245
10
0
0
-1
707
696
0
34
15
80
245
10
0
0
-1
720
688
0
34
16
85
245
10
0
0
-1
733
680
0
34
17
90
245
10
0
0
-1
746
672
0
34
18
95
245
10
0
0
-1
759
664
0
34
19
100
245
10
0
0
-1
772
656
0
34
20
105
245
10
0
0
-1
785
648
0
34
21
110
245
10
0
0
-1
798
640
0
34
22
115
245
10
0
0
-1
811
632
0
34
23
120
245
10
0
0
-1
824
624
0
34
24
125
245
10
0
0
-1
837
616
0
34
25
130
245
10
0
0
-1
850
608
0
34
26
135
245
10
0
0
-1
863
600
0
34
27
140
245
10
0
0
-1
876
592
0
34
28
145
245
10
0
0
-1
889
584
0
34
29
150
245
10
0
0
-1
902
576
0
34
30
155
245
10
0
0
-1
915
568
0
34
31
160
245
10
0
0
-1
928
560
0
34
32
165
245
10
0
0
-1
941
552
0
34
33
170
245
10
0
0
-1
954
544
0
34
34
175
245
10
0
0
-1
967
536
0
34
35
180
245
10
0
0
-1
980
528
0
34
36
185
245
10
0
0
-1
993
520
0
34
37
190
245
10
0
0
-1
1006
512
0
34
38
195
245
10
0
0
-1
1019
504
0
34
39
200
245
10
0
0
-1
1032
496
0
34
40
205
245
10
0
0
-1
1045
488
0
34
41
210
245
10
0
0
-1
1058
480
0
34
42
215
245
10
0
0
-1
1071
472
0
34
43
220
245
10
0
0
-1
1084
464
0
34
44
225
245
10
0
